000001 0.7
000002 0.09999999999999998
000003 0.4
000004 0.30000000000000004
000006 0.4
000008 0.6
000010 0.5
000011 0.8
000013 0.4
000014 0.6
000015 0.4
000018 0.7
000022 0.4
000025 0.8
000027 0.5
000028 0.7
000029 0.6
000031 0.4
000037 0.19999999999999996
000038 0.5
000040 0.5
000043 0.7
000045 0.30000000000000004
000049 0.6
000053 0.6
000054 0.6
000055 0.9
000056 0.8
000057 0.5
000058 0.5
000059 0.5
000062 0.4
000067 0.30000000000000004
000068 0.5
000069 0.4
000070 0.6
000071 0.30000000000000004
000074 0.6
000075 0.5
000076 0.19999999999999996
000079 0.5
000080 0.30000000000000004
000082 0.4
000084 0.6
000085 0.4
000086 0.7
000087 0.7
000088 0.4
000090 0.5
000092 0.4
000094 0.30000000000000004
000096 0.7
000097 0.6
000098 0.9
000100 0.5
000103 0.5
000105 0.30000000000000004
000106 0.7
000108 0.5
000111 0.30000000000000004
000114 0.6
000115 0.30000000000000004
000116 0.5
000119 0.4
000124 0.4
000126 0.5
000127 0.5
000128 0.5
000135 0.7
000136 0.5
000137 0.6
000139 0.5
000144 0.7
000145 0.5
000148 0.4
000149 0.7
000151 0.4
000152 0.5
000155 0.30000000000000004
000157 0.7
000160 0.4
000166 0.30000000000000004
000167 0.4
000168 0.6
000172 0.4
000175 0.09999999999999998
000176 0.19999999999999996
000178 0.5
000179 0.30000000000000004
000181 0.5
000182 0.5
000183 0.30000000000000004
000185 0.5
000186 0.4
000188 0.7
000191 0.7
000195 1.0
000196 0.6
000197 0.6
000199 0.4
000201 0.4
000202 0.8
000204 0.4
000205 0.7
000206 0.4
000212 0.7
000213 0.6
000216 0.4
000217 0.4
000223 0.19999999999999996
000226 0.5
000227 0.7
000230 0.4
000231 0.6
000234 0.6
000237 0.5
000238 0.4
000239 0.4
000240 0.4
000243 0.6
000247 0.6
000248 0.6
000252 0.6
000253 0.7
000254 0.5
000255 0.4
000258 0.5
000260 0.7
000261 0.30000000000000004
000264 0.5
000265 0.5
000267 0.7
000271 0.4
000272 0.4
000273 0.19999999999999996
000274 0.7
000277 0.5
000279 0.6
000280 0.4
000281 0.5
000283 0.7
000284 0.30000000000000004
000286 0.19999999999999996
000287 0.6
000290 0.30000000000000004
000291 0.7
000292 0.7
000293 0.4
000295 0.5
000297 0.7
000299 0.5
000300 0.9
000301 0.4
000309 0.30000000000000004
000310 0.5
000313 0.5
000314 0.5
000315 0.6
000316 0.4
000319 0.4
000324 0.4
000326 0.30000000000000004
000327 0.4
000330 0.4
000333 0.30000000000000004
000335 0.5
000339 0.7
000341 0.6
000342 0.5
000345 0.5
000346 0.5
000348 0.19999999999999996
000350 0.4
000351 0.5
000353 0.6
000356 0.7
000357 0.6
000358 0.7
000360 0.5
000361 0.4
000362 0.19999999999999996
000364 0.4
000365 0.5
000366 0.5
000368 0.4
000369 0.8
000371 0.5
000375 0.30000000000000004
000376 0.8
000377 0.4
000378 0.7
000383 0.4
000384 0.6
000385 0.4
000386 0.5
000388 0.5
000389 0.30000000000000004
000390 0.5
000392 0.30000000000000004
000393 0.30000000000000004
000397 0.6
000398 0.6
000399 0.6
000401 0.7
000402 0.6
000405 0.6
000409 0.4
000410 0.5
000412 0.09999999999999998
000413 0.8
000414 0.5
000415 0.5
000418 0.4
000421 0.6
000422 0.6
000423 0.9
000425 0.7
000426 0.5
000429 0.5
000432 0.5
000434 0.6
000436 0.30000000000000004
000437 0.4
000440 0.5
000441 0.09999999999999998
000442 0.6
000444 0.19999999999999996
000445 0.4
000447 0.4
000449 0.19999999999999996
000451 0.6
000452 0.7
000453 0.5
000455 0.19999999999999996
000456 0.5
000457 0.7
000458 0.6
000465 0.7
000466 0.30000000000000004
000467 0.30000000000000004
000471 0.5
000472 0.6
000473 0.19999999999999996
000475 0.5
000478 0.19999999999999996
000479 0.4
000481 0.30000000000000004
000485 0.19999999999999996
000487 0.6
000488 0.4
000490 0.6
000493 0.6
000495 0.4
000497 0.5
000502 0.30000000000000004
000504 0.4
000505 0.5
000506 0.6
000507 0.8
000510 0.9
000511 0.4
000512 0.7
000517 0.4
000521 0.7
000527 0.6
000529 0.6
000532 0.8
000533 0.4
000534 0.6
000536 0.4
000538 0.6
000539 0.7
000542 0.5
000546 0.6
000547 0.30000000000000004
000548 0.4
000551 0.6
000553 0.09999999999999998
000556 0.6
000557 0.5
000558 0.6
000560 0.5
000561 0.4
000562 0.19999999999999996
000566 0.7
000567 0.19999999999999996
000568 0.8
000569 0.19999999999999996
000570 0.30000000000000004
000571 0.4
000572 0.5
000573 0.5
000574 0.30000000000000004
000575 0.6
000576 0.19999999999999996
000578 0.6
000580 0.6
000584 0.4
000585 0.4
000586 0.30000000000000004
000587 0.5
000593 0.6
000594 0.6
000595 0.6
000596 0.09999999999999998
000600 0.5
000602 0.5
000603 0.4
000604 0.4
000606 0.6
000607 0.6
000611 0.30000000000000004
000614 0.09999999999999998
000615 0.6
000616 0.4
000617 0.4
000618 0.5
000621 0.7
000623 0.5
000624 0.5
000627 0.6
000629 0.30000000000000004
000630 0.7
000631 0.30000000000000004
000634 0.6
000636 0.5
000638 0.6
000639 0.7
000640 0.6
000641 0.5
000642 0.7
000643 0.5
000644 0.5
000646 0.7
000649 0.7
000650 0.30000000000000004
000651 0.19999999999999996
000652 0.5
000655 0.4
000658 0.4
000659 0.5
000662 0.9
000664 0.5
000665 0.6
000666 0.4
000668 0.30000000000000004
000669 0.7
000670 0.5
000673 0.6
000674 0.6
000678 0.6
000679 0.19999999999999996
000681 0.19999999999999996
000683 0.5
000687 0.7
000691 0.5
000692 0.5
000693 0.7
000696 0.19999999999999996
000697 0.4
000698 0.4
000701 0.7
000703 0.5
000704 0.4
000706 0.19999999999999996
000708 0.5
000715 0.7
000716 0.19999999999999996
000718 0.5
000719 0.7
000721 0.5
000722 0.5
000723 0.5
000724 0.30000000000000004
000725 0.4
000727 0.9
000732 0.5
000734 0.30000000000000004
000735 0.6
000736 0.4
000737 0.5
000741 0.5
000743 0.5
000744 0.7
000745 0.6
000747 0.5
000749 0.5
000751 0.4
000757 0.5
000758 0.5
000759 0.6
000762 0.7
000765 0.7
000766 0.4
000769 0.7
000773 0.19999999999999996
000775 0.7
000778 0.4
000779 0.09999999999999998
000781 0.6
000783 0.4
000784 0.30000000000000004
000785 0.4
000788 0.6
000789 0.6
000790 0.30000000000000004
000792 0.30000000000000004
000795 0.5
000798 0.5
000801 0.5
000803 0.6
000807 0.6
000809 0.30000000000000004
000811 0.09999999999999998
000813 0.6
000817 0.5
000819 0.6
000821 0.5
000824 0.5
000825 0.30000000000000004
000833 0.30000000000000004
000835 0.6
000836 0.6
000837 0.19999999999999996
000838 0.4
000839 0.6
000840 0.7
000841 0.6
000844 0.6
000846 0.09999999999999998
000852 0.6
000853 0.4
000856 0.8
000858 0.4
000861 0.6
000864 0.5
000866 0.5
000869 0.7
000870 0.4
000873 0.6
000875 0.4
000877 0.5
000881 0.5
000883 0.5
000884 0.19999999999999996
000886 0.4
000890 0.5
000891 0.4
000893 0.4
000894 0.7
000897 0.7
000901 0.4
000905 0.5
000907 0.8
000909 0.5
000910 0.5
000913 0.7
000914 0.30000000000000004
000916 0.7
000922 0.30000000000000004
000924 0.5
000925 0.6
000927 0.6
000928 0.6
000930 0.7
000932 0.5
000933 0.5
000938 0.6
000939 0.7
000940 0.6
000941 0.4
000942 0.4
000944 0.5
000945 0.4
000952 0.5
000953 0.4
000955 0.6
000956 0.5
000957 0.19999999999999996
000959 0.5
000960 0.6
000961 0.19999999999999996
000963 0.6
000968 0.09999999999999998
000969 0.30000000000000004
000970 0.19999999999999996
000974 0.6
000975 0.5
000976 0.6
000978 0.5
000979 0.6
000981 0.6
000983 0.6
000984 0.6
000985 0.7
000986 0.30000000000000004
000988 0.6
000990 0.5
000992 0.6
000994 0.6
000995 0.6
000998 0.6
001000 0.6